======================= 4x4 * 4x4 ==========================
con matA:

1 2 3 4
1 1 2 2
1 2 5 6
2 7 4 -8

e matB:

1 2 7 8
4 6 3 6
7 4 3 2
3 5 7 9

risultato:

42 46 50 62 
25 26 30 36 
62 64 70 84 
34 22 -9 -6

======================= 4x5 * 5x4 ==========================
con matA:

1 2 3 4
1 1 2 2
1 2 5 6
2 7 4 -8
1 1 1 1

e matB:

1 2 7 8 1
4 6 3 6 1
7 4 3 2 1
3 5 7 9 1

risultato:

42 46 50 62 10
25 26 30 36 6
62 64 70 84 14
34 22 -9 -6 5
15 17 20 25 4